656
458
156
484
587
632
135
591
348
305
240
182
158
278
2
535
323
272
426
379
644
110
393
205
132
64
42
480
335
365
534
243
168
371
12
481
391
490
303
334
126
184
350
615
90
328
504
561
154
213
161
381
270
202
605
368
532
282
68
88
355
652
584
597
121
131
386
614
291
483
13
380
650
313
395
214
432
166
112
178
573
577
241
308
8
22
600
467
218
50
9
30
441
528
109
507
546
520
146
295
84
645
259
463
354
32
290
542
281
217
630
608
548
533
547
87
401
451
620
452
105
63
648
79
524
422
274
227
388
314
24
376
356
27
631
65
331
92
414
111
400
641
302
347
497
5
136
628
6
44
470
563
279
315
40
183
189
478
585
474
370
192
246
390
487
537
139
206
627
275
389
209
572
423
223
252
16
194
176
485
469
298
553
260
81
236
285
199
530
457
482
102
51
67
637
624
256
56
45
654
503
593
498
46
108
41
195
447
62
296
544
185
622
416
552
397
250
288
568
345
319
602
590
405
304
518
73
374
31
245
7
406
35
150
575
454
396
509
159
36
589
392
557
387
513
196
495
325
375
639
318
10
496
625
640
142
399
340
576
555
59
418
47
317
604
11
559
436
460
103
43
177
571
526
372
603
269
226
203
424
599
560
52
583
529
26
437
228
238
655
378
157
53
187
138
412
174
294
151
181
346
93
113
358
233
332
407
191
579
100
531
327
411
517
623
477
48
551
489
610
28
539
499
410
421
550
71
25
204
212
77
141
653
394
58
320
60
39
523
445
428
267
446
402
448
344
130
122
230
367
17
569
116
377
464
91
229
536
86
129
512
143
494
134
164
342
502
160
98
225
61
382
419
642
85
147
635
465
186
69
210
21
125
626
581
152
14
439
19
306
556
284
104
200
565
443
462
20
264
307
78
37
562
619
29
188
144
656
127
76
609
221
237
258
492
433
601
636
588
438
521
249
301
96
409
508
427
248
106
351
324
353
511
153
215
224
473
450
398
651
247
618
83
479
145
574
408
449
349
435
566
95
254
549
633
277
466
193
251
231
373
263
99
613
488
4
538
33
265
491
201
339
197
616
124
649
1
271
459
262
216
207
475
292
366
94
149
311
558
299
362
155
361
220
434
643
629
472
137
257
222
49
612
173
170
541
107
440
606
283
211
169
369
413
15
114
493
580
341
190
383
578
140
646
471
501
268
119
172
120
219
515
54
321
255
118
543
404
337
289
293
352
208
607
617
598
198
128
242
621
316
444
312
336
456
23
280
417
455
540
266
101
595
363
592
634
34
57
420
38
333
500
133
461
3
72
148
594
343
123
514
162
180
115
385
179
232
175
276
505
522
239
261
442
611
519
525
55
468
486
82
429
545
638
244
70
330
74
431
516
66
570
567
476
286
506
75
287
403
300
453
310
554
510
80
253
564
171
425
384
586
647
582
329
235
117
322
357
360
527
326
18
273
165
359
415
430
234
596
97
89
364
297
309
167
163
338